41
46
47
107
112
113
156
158
162
167
168
173
192
194
195
210
229
237
242
264
271
280
281
299
331
358
359
392
419
420
448
470
494
512
525
553
571
585
601
602
621
640
645
652
658
667
729
746
747
770
824
853
872
876
880
902
925
926
941
951
960
964
968
977
986
987
1014
1022
1027
1028
1046
1057
1076
1113
1114
1118
1139
1148
1149
1164
1165
1174
1176
1201
1217
1246
1276
1292
1295
1305
1307
1325
1374
1387
1393
1403
1421
1450
1464
1470
1475
1481
1482
1484
1487
1490
1493
1505
1506
1550
1553
1559
1572
1577
1579
1585
1606
1616
1622
1645
1657
1664
1672
1676
1688
1708
1755
1792
1795
1809
1845
1846
1885
1893
1896
1920
1922
1924
1986
2002
2005
2021
2025
2029
2054
2073
2076
2080
2115
2131
2141
2168
2174
2182
2204
2206
2227
2260
2276
2281
2328
2329
2357
2369
2378
2383
2391
2400
2405
2420
2422
2425
2438
2448
2449
2473
2477
2489
2493
2524
2533
2563
2577
2590
2599
2612
2613
2632
2637
2641
2685
2686
2712
2715
2730
2738
2798
2814
2830
2846
2850
2853
2861
2875
2886
2912
2926
2930
2934
2940
2955
2957
2960
2977
2980
2987
2994
3000
3006
3008
3014
3020
3032
3035
3038
3045
3046
3047
3064
3109
3120
3127
3138
3151
3161
3169
3192
3196
3201
3203
3206
3208
3220
3228
3230
3231
3235
3242
3261
3272
3273
3281
3282
3283
3291
3305
3311
3392
3402
3408
3415
3424
3435
3481
3485
3497
3517
3531
3546
3555
3557
3583
3589
3593
3598
3603
3604
3606
3627
3649
3660
3677
3714
3721
3738
3783
3789
3800
3801
3837
3840
3843
3868
3890
3892
3899
3902
3906
3913
3922
3939
3960
4051
4058
4065
4086
4089
4141
4156
4158
4205
4210
4216
4217
4218
4226
4236
4261
4267
4271
4276
4307
4330
4335
4341
4344
4349
4354
4365
4368
4374
4380
4413
4417
4423
4429
4455
4476
4558
4565
4568
4573
4589
4606
4671
4678
4687
4708
4725
4743
4746
4750
4769
4778
4812
4821
4824
4839
4847
4859
4871
4887
4906
4935
4967
4969
4989
4990
4998
4999
5011
5027
5065
5082
5093
5121
5130
5133
5140
5142
5171
5176
5198
5212
5239
5248
5256
5267
5303
5325
5345
5380
5422
5432
5434
5446
5461
5491
5508
5510
5512
5535
5561
5615
5622
5625
5626
5627
5644
5650
5663
5674
5678
5698
5711
5715
5738
5768
5777
5797
5820
5826
5833
5841
5843
5856
5861
5863
5868
5871
5874
5916
5938
5939
5944
5951
5959
5962
5965
5972
5975
5980
5986
5993
6000
6007
6043
6076
6079
6091
6095
6096
6106
6112
6120
6150
6179
6195
6209
6228
6239
6256
6260
6261
6273
6274
6275
6294
6297
6298
6318
6320
6329
6335
6339
6361
6433
6440
6464
6474
6505
6535
6562
6564
6569
6571
6578
6581
6582
6584
6585
6619
6641
6654
6655
6668
6671
6678
6680
6689
6702
6765
6768
6772
6776
6783
6789
6796
6797
6799
6805
6808
6809
6811
6814
6819
6821
6823
6825
6839
6871
6875
6877
6880
6882
6886
6887
6896
6904
6905
6923
6946
6954
6988
7012
7038
7047
7055
7057
7065
7068
7081
7083
7085
7086
7087
7094
7096
7101
7115
7158
7168
7169
7188
7194
7201
7210
7234
7235
7237
7246
7267
7290
7300
7303
7309
7310
7316
7317
7326
7330
7333
7349
7390
7398
7429
7434
7445
7470
7472
7487
7492
7498
7521
7529
7533
7537
7538
7539
7543
7554
7578
7590
7597
7630
7651
7700
7706
7716
7736
7739
7748
7762
7763
7773
7783
7809
7836
7837
7849
7854
7860
7869
7880
7899
7921
7931
7939
7945
7948
7982
7985
7995
8001
8007
8009
8013
8014
8019
8040
8130
8144
8147
8149
8153
8154
8157
8178
8187
8217
8307
8318
8332
8346
8355
8359
8361
8370
8374
8382
8397
8458
8466
8487
8493
8495
8523
8548
8556
8578
8612
8620
8655
8677
8683
8716
8719
8730
8804
8836
8853
8869
8875
8880
8887
8892
8897
8898
8905
8945
8947
8966
8969
8984
8995
9001
9009
9013
9015
9016
9019
9024
9060
9061
9074
9091
9119
9133
9144
9146
9168
9174
9184
9196
9198
9204
9230
9240
9253
9256
9262
9300
9301
9302
9356
9360
9363
9364
9371
9434
9474
9526
9528
9531
9542
9548
9550
9553
9555
9564
9566
9568
9576
9578
9623
9625
9687
9717
9743
9803
9804
9809
9827
9835
9839
9840
9868
9876
9879
9897
9906
9925
9927
9932
9967
9979
10015
10024
10065
10074
10094
10096
10111
10139
10171
10172
10197
10231
10234
10250
10375
10379
10386
10396
10402
10405
10443
10452
10499
10501
10513
10520
10521
10542
10553
10557
10559
10599
10620
10627
10629
10638
10660
10741
10744
10751
10762
10775
10778
10786
10787
10788
10790
10837
10845
10853
10865
10897
10910
10930
10933
10953
10964
11054
11056
11058
11151
11154
11268
11283
11286
11287
11290
11324